0.630646,0.500805,0.0312213,-0.211048,0.0452668,0.218697
0.630311,0.500205,0.0305563,-0.212623,0.0481435,0.216645
0.628939,0.494312,0.024974,-0.215668,0.0640867,0.216809
0.628581,0.484389,0.0168654,-0.216197,0.0823847,0.21849
0.630034,0.473434,0.0104178,-0.213282,0.103054,0.245485
0.633941,0.459189,0.0049478,-0.212485,0.127927,0.28455
0.639735,0.440105,-0.00141991,-0.214156,0.148885,0.29135
0.646124,0.418678,-0.00836848,-0.208716,0.165805,0.305331
0.650033,0.398123,-0.0160219,-0.203723,0.183698,0.319778
0.650234,0.379066,-0.0251387,-0.198543,0.204513,0.329746
0.647449,0.364846,-0.0335746,-0.194143,0.223142,0.337539
0.644598,0.354658,-0.0398331,-0.190552,0.236879,0.343289
0.641359,0.348672,-0.0449603,-0.188965,0.24729,0.346242
0.639216,0.341407,-0.0501772,-0.186503,0.256963,0.350777
0.637482,0.332432,-0.0567027,-0.184535,0.268346,0.355732
0.638326,0.321408,-0.0648041,-0.183223,0.27889,0.362671
0.641038,0.309275,-0.0747468,-0.183582,0.2884,0.371468
0.644536,0.296498,-0.0849144,-0.184532,0.297385,0.380244
0.647493,0.283069,-0.095589,-0.184285,0.306664,0.38911
0.64902,0.270869,-0.106678,-0.185013,0.31671,0.394301
0.648644,0.260363,-0.117279,-0.183735,0.327389,0.397678
0.647091,0.251274,-0.126607,-0.179429,0.338084,0.399829
0.645007,0.241872,-0.135354,-0.173965,0.347757,0.394458
0.645119,0.232222,-0.14242,-0.171705,0.353915,0.391672
0.647311,0.222469,-0.147598,-0.179866,0.351355,0.363463
0.649673,0.213974,-0.150788,-0.186501,0.347234,0.340921
0.651184,0.206169,-0.153734,-0.179987,0.352525,0.355669
0.65313,0.198835,-0.156772,-0.172993,0.35415,0.365184
0.653618,0.194084,-0.160441,-0.171787,0.357164,0.368097
0.652918,0.190749,-0.16524,-0.168875,0.362307,0.375542
0.65254,0.186741,-0.169751,-0.166229,0.366889,0.37972
0.651613,0.182582,-0.172526,-0.164801,0.37081,0.382476
0.651064,0.178635,-0.17361,-0.162907,0.373669,0.385105
0.650877,0.175146,-0.174125,-0.156728,0.377349,0.397699
0.651469,0.172775,-0.174137,-0.155029,0.377635,0.399625
0.651884,0.169947,-0.174357,-0.154043,0.378231,0.400075
0.652077,0.167621,-0.174574,-0.153273,0.378943,0.400786
0.652361,0.166437,-0.174546,-0.152925,0.379044,0.401288
0.652336,0.165678,-0.174627,-0.15309,0.379527,0.40126
0.651732,0.164894,-0.174888,-0.152697,0.380662,0.401359
0.651233,0.163832,-0.175133,-0.15222,0.381757,0.402333
0.651668,0.162144,-0.17505,-0.148416,0.381921,0.399237
0.65199,0.159895,-0.175035,-0.147458,0.382615,0.398738
0.651722,0.156703,-0.174905,-0.144878,0.384202,0.397804
0.651141,0.151896,-0.174707,-0.138822,0.386825,0.397824
0.651508,0.147904,-0.174696,-0.137641,0.388084,0.399356
0.651299,0.141908,-0.174569,-0.134576,0.390349,0.401814
0.651219,0.133065,-0.17419,-0.129746,0.393414,0.403991
0.65173,0.125766,-0.17381,-0.128774,0.395386,0.408796
0.651866,0.118726,-0.17371,-0.126603,0.397409,0.412901
0.651962,0.111007,-0.173657,-0.125678,0.39956,0.41461
0.652033,0.104892,-0.173558,-0.12464,0.400845,0.416271
0.652236,0.0976605,-0.173477,-0.123637,0.402246,0.418069
0.652753,0.0909557,-0.173445,-0.12885,0.403832,0.4136
0.653262,0.0843636,-0.173455,-0.127718,0.405285,0.416724
0.653069,0.0774831,-0.173415,-0.126118,0.407129,0.419922
0.653136,0.0692701,-0.173392,-0.125734,0.40808,0.420113
0.653242,0.0611548,-0.173431,-0.12612,0.40983,0.421778
0.653487,0.0545048,-0.173538,-0.129804,0.410335,0.420656
0.653697,0.0483188,-0.173498,-0.133059,0.410672,0.415362
0.653937,0.042301,-0.173508,-0.134112,0.411164,0.414881
0.65395,0.036848,-0.173565,-0.13284,0.412155,0.417712
0.653294,0.0301747,-0.173405,-0.129098,0.413911,0.419831
0.652849,0.0227384,-0.173211,-0.125758,0.415312,0.423979
0.652718,0.0158576,-0.173204,-0.12305,0.416172,0.427815
0.652588,0.00869825,-0.173164,-0.123182,0.416304,0.427004
0.652585,0.00164161,-0.17316,-0.122848,0.416534,0.428108
0.652481,-0.00519164,-0.173178,-0.123185,0.416573,0.428074
0.652264,-0.0125022,-0.173129,-0.121483,0.41708,0.431394
0.652049,-0.0197455,-0.173152,-0.119899,0.417475,0.434461
0.651685,-0.0266604,-0.173089,-0.118186,0.417906,0.436945
0.651387,-0.0329788,-0.17308,-0.117069,0.418093,0.438437
0.651149,-0.0389648,-0.173007,-0.114238,0.41888,0.437223
0.65084,-0.0446591,-0.172947,-0.11179,0.419436,0.43902
0.650488,-0.0502829,-0.172894,-0.110315,0.419611,0.441131
0.650018,-0.0562556,-0.172879,-0.108755,0.419795,0.442942
0.649592,-0.0619021,-0.172815,-0.108405,0.419535,0.442433
0.649132,-0.0674197,-0.172806,-0.11071,0.418475,0.43719
0.648613,-0.0727893,-0.172756,-0.109266,0.418472,0.439213
0.648064,-0.0776263,-0.172737,-0.107657,0.41881,0.442004
0.647453,-0.0826141,-0.172744,-0.106188,0.419211,0.443975
0.64691,-0.0882116,-0.172621,-0.103682,0.419734,0.440027
0.646283,-0.0940345,-0.172539,-0.102668,0.419685,0.434697
0.645668,-0.0995169,-0.172521,-0.102861,0.418666,0.432293
0.644973,-0.105402,-0.172512,-0.102993,0.41732,0.429248
0.644282,-0.110803,-0.172499,-0.103895,0.416512,0.427077
0.643731,-0.115313,-0.172519,-0.103045,0.415965,0.427767
0.643356,-0.120018,-0.172461,-0.102584,0.415484,0.428424
0.643243,-0.125066,-0.172498,-0.105298,0.414022,0.426484
0.643392,-0.129847,-0.172452,-0.108646,0.413154,0.425259
0.64387,-0.13476,-0.172624,-0.113309,0.412921,0.425219
0.643735,-0.139622,-0.172643,-0.115642,0.412582,0.42444
0.643658,-0.144257,-0.172667,-0.117059,0.411977,0.423924
0.643336,-0.149164,-0.17274,-0.115896,0.411581,0.425798
0.643327,-0.154075,-0.172787,-0.11763,0.410497,0.423164
0.642422,-0.159739,-0.172867,-0.118052,0.409869,0.422199
0.642216,-0.164232,-0.172925,-0.117847,0.409075,0.421035
0.64185,-0.168117,-0.172901,-0.117504,0.408486,0.420174
0.641186,-0.172057,-0.172984,-0.116608,0.407939,0.419234
0.640649,-0.175864,-0.172955,-0.117193,0.406978,0.41505
0.640139,-0.179396,-0.173027,-0.116268,0.406574,0.415436
0.639726,-0.18232,-0.173076,-0.114867,0.40624,0.416757
0.639314,-0.18551,-0.173109,-0.113487,0.405645,0.41751
0.638888,-0.188867,-0.173115,-0.113027,0.404961,0.417188
0.638672,-0.191732,-0.173221,-0.112312,0.404319,0.417989
0.638431,-0.194296,-0.17326,-0.111828,0.403884,0.418235
0.637756,-0.198133,-0.173353,-0.110883,0.403253,0.418207
0.636361,-0.203586,-0.171981,-0.109725,0.403544,0.41829
0.635562,-0.210876,-0.165575,-0.104423,0.40388,0.416391
0.634854,-0.217852,-0.159202,-0.0972303,0.40414,0.41597
0.634384,-0.22396,-0.152494,-0.0896402,0.404529,0.415609
0.634187,-0.23015,-0.144575,-0.0806687,0.40466,0.415092
0.633992,-0.236384,-0.135428,-0.0713983,0.4046,0.413866
0.63396,-0.243447,-0.12434,-0.0595749,0.404184,0.413042
0.633879,-0.252015,-0.110411,-0.0451029,0.403316,0.412114
0.634429,-0.260718,-0.0957052,-0.0294244,0.401338,0.410976
0.635029,-0.268428,-0.0824379,-0.0157834,0.399464,0.408953
0.632934,-0.276634,-0.0707679,-0.00356128,0.399565,0.409258
0.630027,-0.285935,-0.0586387,0.00929216,0.399863,0.410008
0.62707,-0.294642,-0.0458556,0.0225025,0.399982,0.410267
0.623624,-0.303698,-0.0315283,0.0370303,0.4,0.410312
0.6196,-0.313061,-0.0149051,0.0534442,0.399766,0.409985
0.614856,-0.322592,0.00430347,0.071931,0.399168,0.409306
0.609142,-0.332351,0.0248172,0.0915063,0.398484,0.408552
0.602787,-0.341647,0.0453714,0.111012,0.397559,0.408018
0.596789,-0.349263,0.0631968,0.127715,0.396627,0.407547
0.592199,-0.354411,0.0763328,0.139614,0.395421,0.407558
0.588979,-0.357791,0.0848029,0.14749,0.394994,0.407309
0.588303,-0.358506,0.0865056,0.149173,0.394923,0.407255
0.588449,-0.358336,0.086398,0.149053,0.39491,0.407139
