0.461169,0.57839,0.197133,-0.0791445,-0.0733797,0.0177124
0.461462,0.577836,0.197986,-0.078659,-0.0734732,0.0184332
0.464794,0.574459,0.198346,-0.0780948,-0.069849,0.0216107
0.474354,0.564918,0.197135,-0.081946,-0.0553917,0.0324902
0.488208,0.551361,0.195017,-0.093657,-0.0330732,0.0563281
0.505082,0.535467,0.19433,-0.0911245,-0.0216013,0.0764893
0.522002,0.518956,0.194301,-0.081918,-0.0144254,0.0880112
0.537061,0.502907,0.193686,-0.080062,-0.00390136,0.105192
0.549416,0.488144,0.192179,-0.092768,0.0123078,0.134772
0.560099,0.474579,0.190642,-0.108429,0.0288531,0.176393
0.56983,0.461301,0.189182,-0.12539,0.0452537,0.209565
0.578855,0.447749,0.187606,-0.141711,0.0628496,0.22802
0.587048,0.433502,0.18535,-0.155429,0.0876462,0.243019
0.59601,0.418795,0.181381,-0.155625,0.114927,0.274884
0.6055,0.404582,0.17411,-0.150234,0.140787,0.310212
0.61416,0.388965,0.159323,-0.141994,0.164188,0.350813
0.622688,0.372088,0.137488,-0.137703,0.188709,0.372072
0.629618,0.356768,0.117242,-0.135394,0.21107,0.391048
0.635576,0.342071,0.100715,-0.133502,0.228686,0.405703
0.640656,0.32654,0.0866711,-0.131856,0.244124,0.413961
0.644084,0.31154,0.0739982,-0.13407,0.256881,0.409007
0.644968,0.298811,0.0609318,-0.137461,0.270681,0.404423
0.643319,0.288482,0.0458012,-0.139945,0.287839,0.407973
0.640526,0.280808,0.0293405,-0.142972,0.305257,0.414226
0.638744,0.272407,0.0112179,-0.14754,0.318006,0.415505
0.638907,0.261615,-0.00854242,-0.153149,0.325382,0.408542
0.642032,0.251146,-0.029031,-0.156827,0.328789,0.40988
0.644825,0.242093,-0.0516659,-0.162598,0.334811,0.408996
0.645379,0.234877,-0.0760194,-0.171273,0.347029,0.412582
0.645894,0.227683,-0.0982456,-0.170874,0.355576,0.418061
0.647769,0.218463,-0.114021,-0.163707,0.357233,0.410965
0.648798,0.21059,-0.124701,-0.155432,0.361465,0.410084
0.648957,0.204012,-0.134144,-0.15146,0.36757,0.407058
0.647975,0.199282,-0.142945,-0.154011,0.373018,0.405278
0.647683,0.195678,-0.150256,-0.155728,0.374952,0.401826
0.647969,0.192487,-0.155262,-0.150517,0.375326,0.399138
0.648797,0.187859,-0.158636,-0.144229,0.376694,0.392301
0.649465,0.183784,-0.161098,-0.141812,0.378143,0.392073
0.649749,0.180598,-0.163518,-0.141382,0.38001,0.393801
0.649758,0.178726,-0.165647,-0.141704,0.381215,0.395565
0.649921,0.177033,-0.167453,-0.140884,0.381542,0.39845
0.649803,0.175682,-0.16948,-0.140658,0.38262,0.400567
0.650529,0.173532,-0.172205,-0.133927,0.380014,0.406631
0.650855,0.171036,-0.175301,-0.129703,0.379558,0.409572
0.650907,0.169122,-0.176761,-0.130093,0.380749,0.410905
0.651214,0.168021,-0.176471,-0.130623,0.380892,0.41317
0.651322,0.167927,-0.175907,-0.131381,0.380831,0.413385
0.651166,0.16738,-0.175309,-0.132276,0.381052,0.41393
0.65082,0.166709,-0.175088,-0.136425,0.382767,0.410912
0.649572,0.165732,-0.174483,-0.138801,0.385133,0.410777
0.649708,0.161817,-0.174964,-0.131815,0.385362,0.405224
0.649242,0.156321,-0.174636,-0.126239,0.387283,0.401295
0.649341,0.154004,-0.174608,-0.125351,0.388063,0.402865
0.649441,0.148662,-0.174571,-0.122539,0.389544,0.406552
0.649683,0.142784,-0.174431,-0.121243,0.391366,0.409685
0.650107,0.137145,-0.174439,-0.120282,0.392861,0.413095
0.650309,0.131328,-0.174398,-0.119601,0.394762,0.415863
0.651028,0.125084,-0.174323,-0.120855,0.396387,0.418816
0.651472,0.118798,-0.17438,-0.127935,0.396318,0.4181
0.652091,0.112671,-0.174499,-0.130713,0.397248,0.42561
0.652275,0.105962,-0.174565,-0.135024,0.396916,0.417999
0.652116,0.100491,-0.174471,-0.134187,0.398246,0.419508
0.652271,0.0950368,-0.174408,-0.13232,0.39941,0.422521
0.652472,0.0904188,-0.174306,-0.131378,0.40056,0.424422
0.652127,0.0852134,-0.174319,-0.128964,0.402156,0.425197
0.652272,0.080401,-0.17418,-0.127323,0.403201,0.426588
0.652062,0.0761369,-0.174445,-0.123865,0.404616,0.424097
0.652417,0.0706823,-0.173924,-0.12517,0.406653,0.423606
0.652717,0.0642954,-0.173945,-0.128856,0.406759,0.418136
0.652398,0.057542,-0.174012,-0.130153,0.407773,0.420639
0.652551,0.0506236,-0.174005,-0.128404,0.408644,0.422435
0.65258,0.0431817,-0.173937,-0.127414,0.40943,0.424465
0.652277,0.0359693,-0.173941,-0.126794,0.41037,0.425257
0.652321,0.0294315,-0.173889,-0.12496,0.411194,0.428923
0.65216,0.0234635,-0.173885,-0.124038,0.411813,0.430469
0.651989,0.0174966,-0.173893,-0.123217,0.412361,0.431977
0.651909,0.0108579,-0.173904,-0.122617,0.412741,0.433326
0.651726,0.00414201,-0.173839,-0.121498,0.413215,0.435186
0.651465,-0.0022755,-0.17383,-0.120373,0.413685,0.437003
0.65134,-0.0088525,-0.173767,-0.119732,0.413838,0.438153
0.651002,-0.0156674,-0.173769,-0.118715,0.414145,0.439657
0.650822,-0.0220282,-0.173745,-0.117978,0.414244,0.440709
0.650519,-0.0280458,-0.173706,-0.11841,0.41401,0.438928
0.650214,-0.0342421,-0.173668,-0.118412,0.413871,0.438337
0.649929,-0.0399183,-0.173591,-0.11802,0.413752,0.438202
0.649546,-0.0460532,-0.173571,-0.116917,0.413923,0.439079
0.649199,-0.0522541,-0.173499,-0.113939,0.414568,0.438069
0.648857,-0.0572779,-0.173411,-0.11174,0.414955,0.439116
0.648482,-0.0618857,-0.173358,-0.111324,0.41486,0.438588
0.64803,-0.0666313,-0.173334,-0.111377,0.414771,0.437741
0.647498,-0.0717171,-0.173291,-0.112583,0.414393,0.435152
0.64687,-0.077263,-0.173267,-0.113286,0.414091,0.433782
0.646186,-0.0835471,-0.173259,-0.112821,0.413769,0.434192
0.645489,-0.0894902,-0.173254,-0.111662,0.4137,0.436672
0.644884,-0.0959988,-0.173205,-0.110223,0.413416,0.438757
0.644145,-0.102327,-0.173189,-0.108308,0.413188,0.441352
0.643888,-0.107781,-0.173185,-0.106918,0.412602,0.442871
0.643531,-0.113482,-0.173172,-0.105501,0.412318,0.444305
0.643255,-0.120104,-0.173229,-0.105867,0.411357,0.44215
0.643177,-0.126525,-0.173192,-0.105027,0.410951,0.440541
0.643067,-0.132919,-0.173183,-0.104588,0.411057,0.436781
0.642723,-0.138371,-0.173199,-0.104724,0.410456,0.436478
0.642571,-0.143319,-0.17322,-0.106069,0.41012,0.436814
0.643389,-0.148042,-0.173351,-0.108665,0.409198,0.43624
0.643078,-0.153354,-0.173396,-0.109817,0.408817,0.434945
0.642525,-0.158765,-0.173456,-0.110493,0.40808,0.433017
0.641739,-0.163213,-0.173468,-0.111471,0.407923,0.432045
0.641556,-0.16776,-0.173499,-0.110837,0.407246,0.431223
0.641039,-0.172199,-0.173547,-0.111191,0.406458,0.429523
0.640595,-0.17642,-0.173579,-0.110495,0.405942,0.429936
0.640042,-0.180923,-0.173703,-0.11036,0.405378,0.428353
0.64001,-0.185249,-0.173738,-0.110314,0.404297,0.426833
0.639528,-0.188824,-0.173767,-0.109995,0.403976,0.426609
0.639187,-0.192239,-0.173838,-0.109936,0.403241,0.426028
0.638603,-0.195586,-0.173856,-0.10956,0.402759,0.425942
0.638258,-0.198541,-0.173887,-0.109095,0.402261,0.425952
0.637448,-0.201932,-0.173364,-0.109745,0.401812,0.423728
0.637738,-0.207178,-0.168958,-0.106581,0.40057,0.42034
0.63892,-0.211456,-0.164733,-0.10119,0.399215,0.420019
0.640752,-0.215653,-0.161996,-0.0972882,0.396593,0.419287
0.641352,-0.219878,-0.16054,-0.0959287,0.394708,0.41716
0.641621,-0.22432,-0.159002,-0.0937378,0.393288,0.416437
0.641741,-0.23045,-0.155789,-0.0914014,0.391529,0.411706
0.641202,-0.24001,-0.149574,-0.0864491,0.389997,0.404989
0.641056,-0.253734,-0.139272,-0.0782551,0.387418,0.393856
0.642205,-0.270815,-0.12497,-0.0664413,0.383112,0.377584
0.645341,-0.290654,-0.106117,-0.0423184,0.378228,0.368709
0.649131,-0.312707,-0.0818403,-0.0118135,0.372688,0.358281
0.652325,-0.333731,-0.0535166,0.0207429,0.365226,0.353401
0.652038,-0.352174,-0.0235744,0.0515838,0.361001,0.346483
0.644536,-0.368356,0.00672197,0.0803383,0.363677,0.342128
0.634901,-0.382898,0.0383767,0.1094,0.367128,0.337924
0.624411,-0.395637,0.069331,0.137138,0.36956,0.334428
0.616535,-0.402937,0.0934329,0.156665,0.368557,0.332664
0.612204,-0.405705,0.10866,0.16717,0.365268,0.332522
0.610381,-0.406607,0.115211,0.17142,0.363453,0.332592
0.61024,-0.40671,0.11514,0.171422,0.363713,0.332608
0.61023,-0.406699,0.11509,0.171376,0.363737,0.332636
0.61023,-0.406699,0.11509,0.171376,0.363737,0.332636
0.610236,-0.406687,0.115099,0.171367,0.363714,0.332642
