0.518683,0.463478,0.249238,0,0,0
0.518676,0.463521,0.24924,-0.000252233,-0.000256147,0.0015476
0.518644,0.463804,0.249146,-0.00368351,-0.00199734,0.00797288
0.519029,0.463424,0.249,-0.00580205,-0.00196137,0.0145386
0.520364,0.462187,0.248853,-0.00912552,-0.00289307,0.0236192
0.52235,0.459802,0.248537,-0.0112101,-0.000710827,0.0349975
0.524666,0.457132,0.247585,-0.0175025,-0.00145739,0.049625
0.527589,0.453012,0.246003,-0.0236215,0.00189162,0.0703396
0.53036,0.448192,0.243003,-0.0316753,0.00552233,0.0891153
0.532722,0.442297,0.238225,-0.0380613,0.0103612,0.102388
0.534778,0.436223,0.233336,-0.045598,0.0228978,0.130767
0.536971,0.429386,0.228181,-0.0488677,0.0349685,0.147665
0.539094,0.421497,0.220693,-0.0588743,0.0411209,0.16798
0.543003,0.41194,0.211786,-0.0609999,0.055012,0.181896
0.549017,0.402758,0.204677,-0.0591695,0.0682715,0.192298
0.555145,0.395307,0.198853,-0.0626479,0.0763062,0.212494
0.560488,0.387425,0.190995,-0.0624242,0.0872902,0.218897
0.565951,0.379486,0.182085,-0.0615534,0.103738,0.236015
0.568607,0.372806,0.171487,-0.0625617,0.124723,0.258629
0.56936,0.368655,0.160367,-0.0621523,0.15128,0.278012
0.57043,0.366588,0.15234,-0.0666545,0.168123,0.30954
0.572458,0.363669,0.147012,-0.0696199,0.181857,0.338407
0.574509,0.35853,0.14095,-0.0693478,0.194189,0.349648
0.575057,0.352391,0.13231,-0.0709938,0.204953,0.359197
0.574603,0.345518,0.123716,-0.0751896,0.211439,0.370931
0.573562,0.335766,0.11488,-0.0758616,0.223275,0.379139
0.57132,0.324834,0.104725,-0.0781352,0.233136,0.392417
0.569545,0.31491,0.0930884,-0.0782364,0.245967,0.400364
0.572187,0.308348,0.0813631,-0.0767806,0.256408,0.403974
0.577379,0.302439,0.0698903,-0.0757959,0.262748,0.409357
0.582439,0.296018,0.0570814,-0.075278,0.27119,0.414312
0.587401,0.288904,0.0433383,-0.0737901,0.281588,0.417798
0.592462,0.281593,0.0286569,-0.0715281,0.290111,0.424831
0.597415,0.273155,0.0131417,-0.0688846,0.299167,0.430346
0.601915,0.265123,-0.00253806,-0.0674657,0.306058,0.435899
0.60486,0.257954,-0.0173876,-0.0664917,0.317048,0.437463
0.606989,0.251992,-0.0309606,-0.0673813,0.326667,0.439131
0.608888,0.249023,-0.0433309,-0.0723601,0.329977,0.438657
0.610002,0.248146,-0.0538359,-0.0783399,0.335421,0.441105
0.611077,0.248011,-0.0615195,-0.0842953,0.339003,0.443322
0.614444,0.24685,-0.0672825,-0.0869399,0.339589,0.446486
0.617771,0.243197,-0.0749847,-0.0878781,0.341839,0.447269
0.619987,0.238391,-0.0863524,-0.0914496,0.341278,0.445409
0.622053,0.233031,-0.0994725,-0.0974046,0.340158,0.441314
0.6243,0.227821,-0.111902,-0.104298,0.344131,0.441377
0.627468,0.223421,-0.122804,-0.11153,0.346333,0.446708
0.629454,0.217013,-0.133964,-0.116626,0.352295,0.44461
0.630157,0.211255,-0.144876,-0.120159,0.362185,0.442743
0.634021,0.205692,-0.153574,-0.120767,0.365358,0.445462
0.639669,0.199103,-0.159204,-0.118726,0.367838,0.437659
0.642344,0.193623,-0.162368,-0.118569,0.371013,0.434317
0.642357,0.190584,-0.164122,-0.11964,0.375131,0.431187
0.642747,0.190001,-0.165372,-0.121478,0.374391,0.432034
0.642372,0.190589,-0.167245,-0.123555,0.375478,0.432199
0.642266,0.188691,-0.169696,-0.12389,0.377416,0.431489
0.643129,0.18812,-0.171916,-0.124848,0.376328,0.431941
0.64342,0.187023,-0.174425,-0.124866,0.376997,0.432283
0.643553,0.185226,-0.177163,-0.125283,0.376651,0.431803
0.644843,0.18282,-0.178445,-0.124984,0.375229,0.432
0.64568,0.180586,-0.178284,-0.124654,0.374793,0.433906
0.645698,0.180568,-0.178204,-0.124728,0.374809,0.434233
0.645475,0.177866,-0.177733,-0.12329,0.382166,0.423477
0.646352,0.174919,-0.177718,-0.122681,0.382379,0.423383
0.646909,0.172006,-0.177778,-0.122364,0.383793,0.4213
0.647492,0.167968,-0.177885,-0.121632,0.386669,0.418327
0.648166,0.163341,-0.177954,-0.121132,0.387885,0.418442
0.648161,0.158898,-0.177874,-0.120534,0.38933,0.421027
0.648694,0.15395,-0.17787,-0.119394,0.390529,0.424016
0.648451,0.150213,-0.1778,-0.1192,0.391578,0.426165
0.648863,0.145975,-0.177813,-0.118252,0.392542,0.428466
0.649061,0.142763,-0.177695,-0.118025,0.393204,0.430201
0.648968,0.139451,-0.177737,-0.118168,0.39316,0.43373
0.649177,0.134262,-0.177698,-0.118174,0.393927,0.437553
0.649441,0.12867,-0.177682,-0.119108,0.394433,0.442678
0.649683,0.122797,-0.17762,-0.119405,0.395315,0.447181
0.650006,0.116588,-0.177628,-0.119965,0.395933,0.450683
0.650218,0.111259,-0.177682,-0.121801,0.395809,0.455027
0.650315,0.105941,-0.177747,-0.122988,0.396228,0.459695
0.650244,0.10002,-0.177712,-0.123621,0.395161,0.462831
0.650237,0.0948504,-0.177709,-0.122455,0.396113,0.465635
0.650264,0.0892281,-0.177724,-0.121597,0.396627,0.46778
0.649943,0.0838845,-0.177675,-0.121513,0.396325,0.468805
0.650063,0.0789953,-0.177537,-0.121916,0.396407,0.468684
0.650028,0.0753547,-0.176923,-0.122583,0.396358,0.471456
0.650062,0.0713434,-0.176991,-0.123491,0.396202,0.475092
0.649683,0.0676757,-0.177219,-0.126547,0.394261,0.475494
0.649088,0.0645566,-0.177289,-0.130091,0.39208,0.474915
0.64833,0.0628455,-0.177473,-0.135191,0.388369,0.475116
0.648157,0.0632803,-0.177327,-0.141209,0.38494,0.458682
0.647807,0.0624549,-0.177019,-0.143378,0.388678,0.435902
0.647964,0.0593997,-0.176948,-0.143239,0.389616,0.432812
0.648138,0.0580576,-0.176905,-0.143173,0.389178,0.433432
0.648519,0.0535795,-0.176914,-0.14259,0.389163,0.433988
0.64892,0.047188,-0.176864,-0.141709,0.390104,0.43186
0.649062,0.0422501,-0.17684,-0.140459,0.390703,0.434172
0.649306,0.0355309,-0.176831,-0.138157,0.392274,0.438641
0.649385,0.0282378,-0.176793,-0.135416,0.394082,0.444196
0.649531,0.0221956,-0.176741,-0.133059,0.395364,0.448577
0.6496,0.0163973,-0.176777,-0.130919,0.396374,0.452557
0.649663,0.0108778,-0.176764,-0.12895,0.397007,0.45619
0.64968,0.00481718,-0.176737,-0.126754,0.397709,0.460187
0.649604,-0.000814169,-0.176742,-0.124744,0.39826,0.464097
0.649464,-0.00694315,-0.176743,-0.122588,0.398733,0.468088
0.649264,-0.0133619,-0.176758,-0.120414,0.399133,0.472046
0.64906,-0.0207109,-0.176729,-0.117845,0.399469,0.476565
0.648844,-0.0266125,-0.176729,-0.115813,0.399755,0.480182
0.648659,-0.0317058,-0.176703,-0.114085,0.399863,0.483147
0.648368,-0.037886,-0.176678,-0.111907,0.40004,0.486911
0.648087,-0.0428791,-0.176676,-0.110217,0.400219,0.48972
0.647781,-0.0477076,-0.176645,-0.109042,0.40012,0.491309
0.647365,-0.053235,-0.176632,-0.108258,0.400049,0.491674
0.646959,-0.0582106,-0.176617,-0.10756,0.400066,0.492122
0.646518,-0.0629226,-0.176632,-0.107313,0.400082,0.490733
0.646077,-0.0689289,-0.176552,-0.106677,0.399265,0.486887
0.645496,-0.0756213,-0.176581,-0.106923,0.397682,0.48297
0.64485,-0.0822399,-0.176622,-0.106537,0.395261,0.482233
0.643974,-0.090196,-0.17663,-0.107753,0.393093,0.478413
0.643316,-0.0965493,-0.176671,-0.10823,0.390985,0.472922
0.642412,-0.103582,-0.176725,-0.10649,0.389201,0.474933
0.641173,-0.111781,-0.176847,-0.10544,0.386021,0.473988
0.640279,-0.118302,-0.176889,-0.103612,0.383486,0.476347
0.639097,-0.125908,-0.176973,-0.101425,0.38131,0.478597
0.638156,-0.132332,-0.177107,-0.0995973,0.378382,0.480292
0.637053,-0.138868,-0.1772,-0.0975762,0.37634,0.482481
0.63611,-0.144683,-0.177304,-0.0965248,0.374026,0.479958
0.635238,-0.149708,-0.177373,-0.0950021,0.372593,0.480947
0.634453,-0.153996,-0.177496,-0.0939594,0.370333,0.481303
0.634143,-0.155246,-0.177656,-0.09394,0.369495,0.483921
0.634682,-0.155748,-0.17738,-0.0935097,0.372933,0.478494
0.637969,-0.160998,-0.176977,-0.0890778,0.388079,0.452644
0.637959,-0.168573,-0.177118,-0.0859404,0.38822,0.447144
0.63792,-0.17438,-0.177199,-0.0829615,0.391834,0.439601
0.635706,-0.187357,-0.174257,-0.0762051,0.420439,0.398251
0.630801,-0.206441,-0.167074,-0.0687219,0.4414,0.36
0.628822,-0.222059,-0.156147,-0.0619061,0.446294,0.338382
0.629442,-0.241133,-0.137869,-0.0437612,0.45252,0.315256
0.633558,-0.268172,-0.11082,-0.00811285,0.454247,0.301717
0.643261,-0.302535,-0.0740818,0.0513698,0.44822,0.302888
0.65426,-0.334592,-0.0306717,0.114768,0.436187,0.300298
0.657623,-0.359515,0.0122055,0.167654,0.427245,0.295267
0.651896,-0.37829,0.0507709,0.207781,0.425025,0.290405
0.642463,-0.393977,0.0871469,0.242616,0.424696,0.285898
0.629202,-0.407886,0.121415,0.273659,0.426994,0.282163
0.615054,-0.418805,0.152808,0.300463,0.429013,0.279582
0.601165,-0.427957,0.180256,0.323938,0.431017,0.277651
