0.673679,0.304987,-0.0266117,0.115168,0.201208,-0.542513
0.673538,0.304708,-0.026813,0.115035,0.201582,-0.542289
0.672721,0.30422,-0.0276912,0.114183,0.203062,-0.541882
0.668473,0.301915,-0.0319393,0.109646,0.210656,-0.540801
0.662072,0.297941,-0.038278,0.10279,0.222301,-0.53928
0.656584,0.294453,-0.0432672,0.0972003,0.23207,-0.537694
0.65042,0.289458,-0.0485748,0.0911814,0.243529,-0.535475
0.644737,0.283457,-0.0530497,0.0859053,0.254858,-0.533219
0.640266,0.277007,-0.0554952,0.082963,0.264596,-0.531027
0.636487,0.270203,-0.0564278,0.0815889,0.273266,-0.5292
0.632956,0.264315,-0.0569053,0.080819,0.279095,-0.528753
0.630917,0.259677,-0.0569138,0.0809437,0.272863,-0.53097
0.628485,0.255176,-0.056962,0.0806197,0.269636,-0.531567
0.62401,0.249807,-0.0580165,0.0782961,0.277348,-0.530457
0.618858,0.245339,-0.0600705,0.0748328,0.283912,-0.528917
0.615426,0.24174,-0.061934,0.0719561,0.284367,-0.528852
0.612172,0.237381,-0.0638387,0.0689757,0.283362,-0.529779
0.61015,0.232527,-0.0655107,0.0668337,0.285726,-0.528436
0.610908,0.228135,-0.0658317,0.0672813,0.286828,-0.526536
0.612395,0.223118,-0.0660343,0.0681782,0.287468,-0.524293
0.612385,0.217832,-0.0669301,0.067487,0.290523,-0.522005
0.608253,0.212906,-0.0696084,0.0628107,0.29721,-0.520623
0.603909,0.208531,-0.0721548,0.0578998,0.304414,-0.51931
0.603201,0.20586,-0.0728316,0.0570121,0.306655,-0.517801
0.603968,0.203067,-0.0728873,0.0575155,0.307306,-0.51612
0.604914,0.199497,-0.0730145,0.0577641,0.308292,-0.514984
0.60552,0.19599,-0.0732934,0.0576298,0.3096,-0.51402
0.605187,0.192742,-0.0739231,0.0563865,0.31188,-0.513837
0.604623,0.190005,-0.0746641,0.0555455,0.313938,-0.512387
0.603396,0.187939,-0.0755217,0.0543699,0.31633,-0.510802
0.601004,0.186334,-0.0769354,0.0517721,0.319717,-0.510117
0.597128,0.184453,-0.0793063,0.0480335,0.325167,-0.508582
0.593325,0.181545,-0.0823135,0.0444007,0.331803,-0.50776
0.59143,0.179214,-0.0850067,0.0428031,0.3362,-0.506066
0.590099,0.178589,-0.0869783,0.0412096,0.338436,-0.505185
0.589806,0.179431,-0.0894764,0.0402776,0.335667,-0.503427
0.589333,0.179394,-0.0917236,0.0389902,0.336858,-0.503222
0.588943,0.179443,-0.0934136,0.0379768,0.337895,-0.503099
0.587152,0.179108,-0.0948408,0.0358417,0.340078,-0.502476
0.58251,0.177356,-0.0966208,0.0313676,0.345634,-0.501207
0.577959,0.175621,-0.0982112,0.0270556,0.350842,-0.499879
0.574539,0.174212,-0.0993939,0.0240188,0.35501,-0.49833
0.571233,0.172842,-0.100507,0.0211069,0.358907,-0.496841
0.568327,0.171254,-0.10148,0.0185229,0.362215,-0.495351
0.565866,0.168972,-0.102673,0.0157006,0.358259,-0.497147
0.564642,0.165592,-0.103645,0.0142136,0.352259,-0.497222
0.563164,0.161402,-0.104426,0.011906,0.35241,-0.497636
0.562831,0.157311,-0.104824,0.0112478,0.353573,-0.495655
0.563914,0.153409,-0.10476,0.0117845,0.353901,-0.494041
0.564567,0.14899,-0.104916,0.0106589,0.354843,-0.494636
0.563141,0.14453,-0.105559,0.00756823,0.357443,-0.495176
0.561775,0.14066,-0.106291,0.00516767,0.356231,-0.496368
0.560332,0.137513,-0.106909,0.00370298,0.356145,-0.494372
0.559046,0.134165,-0.107423,0.00212528,0.357739,-0.492649
0.558432,0.130879,-0.107762,0.0015544,0.358734,-0.490405
0.558371,0.127244,-0.108029,0.00103234,0.357981,-0.489824
0.558871,0.123523,-0.108149,0.00132754,0.357045,-0.488453
0.559631,0.119342,-0.10821,0.00190865,0.357627,-0.486024
0.560263,0.115328,-0.108237,0.00171855,0.358265,-0.485227
0.560909,0.11118,-0.108295,0.00193848,0.358955,-0.483384
0.561508,0.107012,-0.108341,0.00178969,0.359602,-0.482383
0.561498,0.103278,-0.108489,0.000886388,0.360721,-0.481913
0.558652,0.0998849,-0.1092,-0.00280135,0.364262,-0.481098
0.555941,0.0972155,-0.109826,-0.00577425,0.367405,-0.479494
0.555874,0.0951548,-0.10988,-0.00567521,0.368002,-0.47782
0.556242,0.0930112,-0.109876,-0.00531036,0.368216,-0.476614
0.556636,0.0904231,-0.109882,-0.00493408,0.36852,-0.475117
0.557111,0.0873882,-0.10991,-0.004315,0.368892,-0.472976
0.557619,0.0840897,-0.10991,-0.00396737,0.369235,-0.471443
0.55808,0.0809543,-0.109924,-0.00376673,0.369577,-0.470259
0.55852,0.0776046,-0.109944,-0.00350316,0.370002,-0.468783
0.559019,0.0738639,-0.109944,-0.00365228,0.370447,-0.46813
0.559357,0.0707059,-0.109984,-0.00406913,0.370834,-0.468059
0.559609,0.0686834,-0.109984,-0.00374261,0.371038,-0.466855
0.559798,0.0665843,-0.109995,-0.00378345,0.371337,-0.466258
0.559946,0.0644354,-0.110026,-0.00351229,0.371761,-0.464859
0.560185,0.061768,-0.110018,-0.0033373,0.372115,-0.46369
0.560501,0.059099,-0.110056,-0.0034425,0.372317,-0.463338
0.560801,0.0565094,-0.110046,-0.00317754,0.372566,-0.462262
0.561058,0.0540237,-0.110122,-0.00268422,0.372886,-0.460638
0.561465,0.0515289,-0.110178,-0.00206621,0.373079,-0.459239
0.561896,0.0482701,-0.110525,-0.00154988,0.373726,-0.458082
0.564061,0.0453931,-0.111115,0.00132728,0.373666,-0.456906
0.566467,0.0436347,-0.111424,0.00425274,0.372866,-0.45657
0.566884,0.0423062,-0.112189,0.00524712,0.373959,-0.455912
0.568622,0.0418341,-0.112364,0.00724058,0.373294,-0.45639
0.570183,0.0411824,-0.11257,0.0091717,0.372942,-0.456573
0.572612,0.0400952,-0.112687,0.0120904,0.371907,-0.456768
0.575506,0.0384137,-0.11296,0.0157137,0.370917,-0.456744
0.577596,0.0366044,-0.113129,0.0183544,0.370389,-0.456379
0.578822,0.0347445,-0.113462,0.0201127,0.370492,-0.455732
0.579593,0.0330871,-0.113665,0.0213235,0.370681,-0.454955
0.579931,0.0311484,-0.113672,0.0220351,0.370807,-0.453678
0.580174,0.0288958,-0.113729,0.0226833,0.371105,-0.452152
0.580484,0.0267579,-0.113743,0.0234243,0.37118,-0.45068
0.580648,0.0249296,-0.113732,0.0239205,0.371382,-0.449438
0.581713,0.0231822,-0.113539,0.0254071,0.370685,-0.448444
0.5827,0.0214982,-0.113408,0.0267118,0.370291,-0.447586
0.585109,0.0200224,-0.113038,0.0295945,0.368676,-0.447374
0.587758,0.0182233,-0.112808,0.0328598,0.367337,-0.447067
0.589629,0.0158393,-0.112824,0.0354102,0.366828,-0.446244
0.591354,0.0136795,-0.112669,0.0376505,0.366051,-0.445614
0.593225,0.0116142,-0.112478,0.0400527,0.365322,-0.44512
0.59534,0.00937803,-0.112483,0.0429576,0.364679,-0.4444
0.595928,0.00680719,-0.112771,0.0441621,0.365259,-0.443179
0.596001,0.00458624,-0.113249,0.0447439,0.366224,-0.442137
0.596029,0.00255484,-0.113735,0.0453577,0.367217,-0.440951
0.596545,0.000915736,-0.113706,0.046327,0.36715,-0.440019
0.597528,-0.000356645,-0.113531,0.0476908,0.366639,-0.439455
0.59863,-0.00161903,-0.113338,0.0491992,0.366057,-0.439131
0.600069,-0.00265413,-0.113084,0.0509839,0.365198,-0.439021
0.60098,-0.00386297,-0.113193,0.0523131,0.365231,-0.438702
0.602233,-0.00555808,-0.113618,0.0543573,0.365496,-0.438284
0.603012,-0.00774213,-0.114242,0.0560104,0.366332,-0.437362
0.603046,-0.00996637,-0.114907,0.0568043,0.367612,-0.436109
0.603535,-0.012494,-0.115017,0.0580615,0.367907,-0.434679
0.603934,-0.0153741,-0.115065,0.0592873,0.368144,-0.43288
0.604217,-0.018313,-0.115032,0.0606704,0.368485,-0.430595
0.605917,-0.0214465,-0.114588,0.063935,0.367682,-0.427659
0.608259,-0.0247714,-0.11389,0.0674006,0.366188,-0.426061
0.61092,-0.0276067,-0.113072,0.0710423,0.364342,-0.424946
0.614707,-0.0304399,-0.111784,0.0767639,0.362584,-0.421125
0.618564,-0.0333148,-0.110309,0.0825219,0.362961,-0.414844
0.620693,-0.0364593,-0.1094,0.0858108,0.364556,-0.409745
0.622429,-0.0391459,-0.108716,0.0889624,0.363761,-0.406722
0.622392,-0.0423049,-0.108606,0.089854,0.365143,-0.403641
0.621667,-0.0454914,-0.108542,0.0894348,0.370907,-0.397837
0.621603,-0.0484561,-0.108392,0.0902402,0.37332,-0.394354
0.622858,-0.0515608,-0.107848,0.0927465,0.372472,-0.391998
0.625716,-0.0549021,-0.106518,0.0974014,0.373661,-0.385147
0.627945,-0.0583563,-0.105496,0.100622,0.372947,-0.383565
0.627371,-0.0617635,-0.105432,0.0996714,0.377543,-0.382377
0.626811,-0.0649414,-0.105425,0.0995292,0.379983,-0.379642
0.626469,-0.0687053,-0.105377,0.100139,0.380617,-0.377339
0.626059,-0.0725238,-0.105353,0.100472,0.381425,-0.375378
0.625671,-0.0761193,-0.105289,0.100529,0.382771,-0.373254
0.625101,-0.0798759,-0.10529,0.10034,0.384066,-0.371456
0.624626,-0.0837108,-0.10528,0.100705,0.384569,-0.369681
0.624176,-0.0873063,-0.105247,0.101228,0.384935,-0.367764
0.623738,-0.0905463,-0.105237,0.101804,0.385317,-0.36566
0.623267,-0.0939623,-0.105225,0.102463,0.38564,-0.363405
0.622807,-0.0975347,-0.105172,0.102876,0.386057,-0.361801
0.622352,-0.101111,-0.105129,0.103577,0.38637,-0.359593
0.621785,-0.105105,-0.105089,0.104439,0.386723,-0.356945
0.620984,-0.109917,-0.105079,0.105261,0.387216,-0.353907
0.620197,-0.114754,-0.105068,0.106311,0.387596,-0.350451
0.619971,-0.119383,-0.104829,0.107884,0.387514,-0.347602
0.620882,-0.123799,-0.104142,0.110785,0.386448,-0.345172
0.620573,-0.128531,-0.103898,0.11231,0.386384,-0.342498
0.619542,-0.133516,-0.103888,0.11195,0.387287,-0.341849
0.618849,-0.138326,-0.103754,0.112498,0.387664,-0.340409
0.618697,-0.1429,-0.103404,0.113708,0.387577,-0.339206
0.617715,-0.147306,-0.103361,0.114053,0.388204,-0.337248
0.617219,-0.152153,-0.103103,0.114457,0.38851,-0.336999
0.61837,-0.157531,-0.102139,0.116882,0.387461,-0.337603
0.623596,-0.16278,-0.0994845,0.125102,0.382809,-0.337948
0.629236,-0.167744,-0.0965652,0.133275,0.378049,-0.339574
0.633556,-0.172889,-0.0939528,0.140211,0.374335,-0.340545
0.635687,-0.178486,-0.0921836,0.144898,0.372344,-0.340307
0.637101,-0.184514,-0.0906334,0.148375,0.371101,-0.341147
0.640491,-0.190485,-0.0881357,0.154865,0.368066,-0.341385
0.645703,-0.195433,-0.0846915,0.162891,0.363522,-0.343902
0.65292,-0.199378,-0.0802114,0.173599,0.357086,-0.346055
0.662087,-0.203476,-0.0742519,0.187104,0.348767,-0.348798
0.671754,-0.207688,-0.0675182,0.201221,0.339939,-0.352463
0.681791,-0.212,-0.0599186,0.216415,0.330351,-0.355834
0.691528,-0.217121,-0.051761,0.231915,0.320678,-0.35911
0.699346,-0.221465,-0.044723,0.244674,0.312684,-0.361845
0.706243,-0.225416,-0.038035,0.255963,0.305664,-0.365302
0.711799,-0.228088,-0.032404,0.26567,0.29929,-0.366498
0.715944,-0.230101,-0.0274361,0.273137,0.294848,-0.368539
0.719472,-0.231781,-0.0221852,0.280472,0.29112,-0.370045
0.722262,-0.233842,-0.0164041,0.28776,0.288304,-0.371135
0.727139,-0.235665,-0.00928173,0.298371,0.281984,-0.370607
0.732472,-0.23713,-0.00187548,0.309364,0.274588,-0.369954
0.733969,-0.238727,0.00414043,0.315304,0.272312,-0.370932
0.733929,-0.23865,0.00614504,0.31621,0.271587,-0.371376
0.733905,-0.238523,0.00587849,0.31582,0.271908,-0.371844
0.733886,-0.238521,0.00585689,0.31579,0.27193,-0.371834
0.733895,-0.238503,0.00587857,0.315714,0.271982,-0.372143
0.733891,-0.238505,0.00587731,0.315612,0.272128,-0.372414
0.733886,-0.238497,0.00585971,0.315575,0.272084,-0.372639
0.733878,-0.2385,0.00585635,0.315535,0.272168,-0.372648
0.733895,-0.238472,0.00586053,0.315545,0.272124,-0.372761
0.733866,-0.238487,0.00581726,0.315465,0.27224,-0.372825
0.733818,-0.238494,0.00578886,0.315413,0.272271,-0.372701
0.733827,-0.238467,0.00578886,0.315365,0.272314,-0.372844
0.733809,-0.238513,0.00581403,0.315377,0.272376,-0.372842
0.733796,-0.238482,0.00574208,0.315305,0.272389,-0.372801
0.733789,-0.238478,0.00577358,0.315313,0.272365,-0.373003
0.733782,-0.238489,0.00574508,0.315274,0.272398,-0.372983
0.7338,-0.238482,0.00574498,0.315317,0.272382,-0.372871
0.733773,-0.238482,0.00571924,0.315229,0.272492,-0.372891
0.733786,-0.238463,0.00574298,0.315189,0.272492,-0.373163
0.733787,-0.238509,0.0057429,0.315245,0.272488,-0.373019
