0.578384,0.321767,0.110628,-0.00775649,0.170616,-0.768365
0.578863,0.321082,0.109901,-0.0075688,0.171625,-0.767695
0.580444,0.319042,0.107154,-0.00686231,0.175029,-0.765476
0.583466,0.315398,0.100957,-0.00655321,0.181643,-0.76257
0.586171,0.312853,0.0928839,-0.00877089,0.187854,-0.760255
0.588268,0.311117,0.0851197,-0.0111532,0.193058,-0.756541
0.590454,0.308623,0.0786424,-0.0120222,0.198721,-0.753724
0.592528,0.305911,0.0729704,-0.0120452,0.204267,-0.750191
0.594766,0.30257,0.0682665,-0.0112616,0.209571,-0.746626
0.596904,0.298995,0.0642911,-0.0108656,0.214344,-0.744075
0.59857,0.295272,0.060289,-0.0109615,0.219247,-0.741612
0.599453,0.291407,0.0553032,-0.0119121,0.225248,-0.737396
0.601343,0.28763,0.0505664,-0.0109862,0.23053,-0.731619
0.60351,0.283797,0.0452337,-0.0085313,0.2366,-0.722834
0.605873,0.279651,0.0387308,-0.00621465,0.243813,-0.714419
0.608387,0.275114,0.0312405,-0.00514626,0.252018,-0.709377
0.610915,0.27,0.023685,-0.0034028,0.26124,-0.702519
0.612769,0.265958,0.0179597,-0.00140868,0.268579,-0.695527
0.613257,0.262996,0.0138692,-0.00194727,0.278386,-0.68423
0.612237,0.260695,0.0108268,-0.00850328,0.293262,-0.670082
0.612185,0.258553,0.00839988,-0.0115993,0.301887,-0.664423
0.613151,0.254822,0.00508471,-0.0122221,0.311624,-0.662628
0.614794,0.250823,0.000955392,-0.0107849,0.317337,-0.659967
0.616267,0.247151,-0.00315,-0.00947358,0.322762,-0.657639
0.617444,0.243643,-0.00708482,-0.00805413,0.328709,-0.652754
0.617867,0.240693,-0.0112963,-0.00954401,0.336813,-0.645865
0.618845,0.237908,-0.0160743,-0.0094542,0.341577,-0.643754
0.619873,0.234794,-0.021499,-0.0097347,0.346651,-0.641319
0.620874,0.231633,-0.026737,-0.0102166,0.351384,-0.639226
0.621896,0.228355,-0.0311111,-0.0102837,0.35597,-0.637766
0.62284,0.225082,-0.035304,-0.00997997,0.360827,-0.636156
0.623648,0.221961,-0.039929,-0.00985884,0.365786,-0.634121
0.62419,0.21908,-0.0445582,-0.00987777,0.370713,-0.632042
0.624423,0.215821,-0.0492667,-0.0101672,0.376263,-0.629818
0.623783,0.213009,-0.054265,-0.0118729,0.381649,-0.628052
0.620615,0.210721,-0.0591175,-0.0167938,0.387633,-0.626115
0.614981,0.207951,-0.0634819,-0.0239521,0.394709,-0.623545
0.609449,0.205494,-0.0665406,-0.0305991,0.400807,-0.621185
0.60542,0.203678,-0.0685711,-0.0352716,0.405078,-0.619525
0.602296,0.202183,-0.0701266,-0.0390541,0.408529,-0.618282
0.599564,0.200869,-0.0714333,-0.0421579,0.41155,-0.616921
0.597201,0.199782,-0.0725463,-0.0448995,0.414108,-0.615743
0.594847,0.198471,-0.0736774,-0.0476603,0.416787,-0.61444
0.59211,0.196442,-0.0750149,-0.0510841,0.419991,-0.612789
0.588914,0.194431,-0.0765012,-0.0557255,0.423374,-0.612199
0.586392,0.193275,-0.0775639,-0.0596933,0.425793,-0.612624
0.584992,0.192598,-0.0781286,-0.0633151,0.426903,-0.615073
0.583249,0.191793,-0.0788443,-0.0657823,0.428519,-0.615069
0.580567,0.190527,-0.0799057,-0.0689422,0.431176,-0.613785
0.577526,0.188909,-0.0811451,-0.0728362,0.433724,-0.613668
0.573072,0.186779,-0.0829026,-0.0807306,0.43663,-0.616793
0.570559,0.185393,-0.0841899,-0.0826358,0.435245,-0.620471
0.571247,0.184088,-0.0843851,-0.0814801,0.432112,-0.624227
0.572513,0.181133,-0.0844608,-0.0821554,0.430292,-0.627733
0.57404,0.17751,-0.0846631,-0.0822694,0.427609,-0.632129
0.575181,0.172995,-0.0849205,-0.0850329,0.428185,-0.634141
0.575745,0.167652,-0.0856656,-0.088116,0.429766,-0.634837
0.573795,0.161983,-0.0871662,-0.093542,0.433369,-0.634069
0.571736,0.156668,-0.0882729,-0.0975265,0.436226,-0.631741
0.571943,0.15204,-0.0887989,-0.0970345,0.434295,-0.633515
0.57322,0.146583,-0.088854,-0.0975827,0.434925,-0.632077
0.574548,0.14122,-0.0888957,-0.0982633,0.435346,-0.630813
0.575522,0.136994,-0.0889253,-0.0989791,0.43564,-0.62993
0.576225,0.134091,-0.0889128,-0.0986927,0.436114,-0.628167
0.576835,0.13125,-0.0889181,-0.0986215,0.43659,-0.626623
0.577487,0.128196,-0.0889651,-0.0982767,0.437097,-0.624686
0.577914,0.123951,-0.0891509,-0.0988416,0.43809,-0.622554
0.57823,0.119675,-0.0893195,-0.0994671,0.438924,-0.620465
0.57723,0.115965,-0.0898391,-0.102411,0.440344,-0.619635
0.574651,0.113015,-0.0907078,-0.105917,0.442735,-0.617334
0.574102,0.109757,-0.0910054,-0.107011,0.443888,-0.615186
0.574574,0.105862,-0.0910211,-0.106893,0.444571,-0.612799
0.575244,0.101015,-0.0910715,-0.10712,0.445171,-0.610495
0.57589,0.0960484,-0.0911273,-0.107647,0.44569,-0.608561
0.576516,0.0920015,-0.0911255,-0.107426,0.446067,-0.606531
0.57706,0.0882245,-0.0911226,-0.107275,0.446451,-0.604571
0.577554,0.084805,-0.0911456,-0.107717,0.446654,-0.603706
0.578121,0.0816376,-0.0911859,-0.108085,0.446348,-0.603879
0.578879,0.078916,-0.0912989,-0.106704,0.44481,-0.605019
0.579306,0.0761912,-0.0914377,-0.106793,0.444899,-0.604619
0.579801,0.0739464,-0.0916244,-0.106372,0.444666,-0.604606
0.580116,0.071254,-0.0925168,-0.1064,0.446085,-0.603945
0.580927,0.0675508,-0.0943234,-0.104502,0.44634,-0.605655
0.583301,0.0634526,-0.0959518,-0.101009,0.447914,-0.60524
0.585149,0.0600934,-0.097349,-0.0985615,0.449773,-0.604279
0.588913,0.0582738,-0.0974015,-0.0936874,0.449139,-0.604722
0.591638,0.0567187,-0.0971028,-0.0905406,0.448288,-0.605112
0.593329,0.0549465,-0.0970637,-0.0887116,0.448123,-0.605123
0.594978,0.0530999,-0.0968593,-0.0870827,0.447703,-0.605123
0.597132,0.0511869,-0.0966045,-0.0849089,0.447171,-0.60552
0.598434,0.0489358,-0.096636,-0.0838871,0.447434,-0.605407
0.598574,0.0463536,-0.0970508,-0.0841848,0.448274,-0.604596
0.598884,0.0440554,-0.0973354,-0.0837412,0.448744,-0.60371
0.599171,0.0410517,-0.0979562,-0.0831096,0.449652,-0.602639
0.599782,0.0380912,-0.0983261,-0.0816444,0.449115,-0.602917
0.601237,0.0352406,-0.0982218,-0.0798668,0.449071,-0.602168
0.603068,0.0329314,-0.0980948,-0.0773923,0.448795,-0.60154
0.604667,0.0300351,-0.0984969,-0.0752984,0.449302,-0.601042
0.605345,0.0278871,-0.0989323,-0.074588,0.450053,-0.600546
0.60558,0.0257614,-0.0994344,-0.0749475,0.450936,-0.600543
0.60706,0.0239016,-0.0993678,-0.0733509,0.450737,-0.600756
0.610041,0.0224699,-0.0987956,-0.069828,0.449605,-0.601671
0.612223,0.0206956,-0.0985569,-0.0671609,0.449153,-0.601799
0.614538,0.0188438,-0.0981572,-0.0640891,0.448699,-0.601523
0.616573,0.0167203,-0.0978929,-0.0613256,0.448344,-0.601044
0.61761,0.0140499,-0.0984215,-0.0596269,0.449512,-0.599667
0.61856,0.0113967,-0.0986547,-0.0582122,0.450098,-0.598682
0.621131,0.0092693,-0.0979002,-0.0546995,0.449133,-0.598221
0.62446,0.00665561,-0.0969156,-0.0502035,0.447805,-0.597974
0.627531,0.0033622,-0.0961633,-0.0457666,0.447126,-0.596879
0.630277,-0.000504181,-0.0954082,-0.0417841,0.446524,-0.595476
0.633027,-0.00465382,-0.0945806,-0.037353,0.445978,-0.593136
0.635703,-0.00872896,-0.0938893,-0.033034,0.445666,-0.591065
0.637264,-0.0124689,-0.0936399,-0.0302,0.445984,-0.58888
0.638042,-0.016243,-0.0935111,-0.028631,0.446343,-0.58697
0.638801,-0.0200034,-0.0932391,-0.0271554,0.446469,-0.585329
0.640076,-0.0235698,-0.092666,-0.0248012,0.446171,-0.583616
0.640895,-0.0280171,-0.0921311,-0.0229299,0.446302,-0.581476
0.640961,-0.0331881,-0.0915814,-0.0215041,0.447072,-0.578433
0.640736,-0.0388448,-0.0911239,-0.0203303,0.448044,-0.575016
0.640396,-0.0449325,-0.090885,-0.0194414,0.448994,-0.571454
0.639992,-0.0513175,-0.0907927,-0.018703,0.449844,-0.567902
0.639426,-0.0580456,-0.0907611,-0.018079,0.450756,-0.56408
0.638779,-0.0648555,-0.0907763,-0.0175708,0.451676,-0.560405
0.638125,-0.0714704,-0.0907094,-0.0170092,0.452495,-0.556941
0.63745,-0.077654,-0.0906525,-0.0167622,0.453257,-0.554135
0.636799,-0.0835321,-0.0905946,-0.0163214,0.453967,-0.551101
0.636155,-0.0891989,-0.0905626,-0.0158144,0.454613,-0.548239
0.635356,-0.0950976,-0.0905389,-0.0156022,0.455351,-0.545382
0.634463,-0.101055,-0.0905656,-0.0159292,0.456065,-0.543241
0.633648,-0.106589,-0.090532,-0.0154483,0.456681,-0.540282
0.633444,-0.111815,-0.090237,-0.0142475,0.456966,-0.538033
0.635222,-0.116971,-0.0890814,-0.0101183,0.456182,-0.536236
0.637563,-0.122138,-0.0876795,-0.00537746,0.455109,-0.53505
0.638537,-0.126335,-0.0869406,-0.00319599,0.454765,-0.534406
0.639351,-0.130164,-0.0862291,-0.000705649,0.454502,-0.532755
0.640798,-0.134676,-0.0851503,0.00316341,0.453858,-0.530955
0.642962,-0.140005,-0.0837424,0.00803952,0.453003,-0.529603
0.646841,-0.145731,-0.0818219,0.0154865,0.451804,-0.528837
0.651838,-0.151714,-0.0798201,0.0247477,0.450946,-0.528447
0.657092,-0.157595,-0.0778666,0.034297,0.450489,-0.527998
0.662919,-0.162976,-0.0752353,0.0448814,0.449282,-0.527739
0.668447,-0.168025,-0.0722114,0.0549957,0.447562,-0.527939
0.6744,-0.172393,-0.0684176,0.0656244,0.444827,-0.528505
0.680543,-0.176489,-0.0639902,0.0765173,0.441443,-0.529617
0.686911,-0.180073,-0.0593434,0.0875614,0.437782,-0.531292
0.692604,-0.182951,-0.0550084,0.0973051,0.434518,-0.533115
0.696107,-0.185354,-0.0520824,0.103731,0.432417,-0.53409
0.698919,-0.188314,-0.0494574,0.109533,0.430775,-0.534092
0.70202,-0.192474,-0.0463496,0.11648,0.428945,-0.533984
0.70534,-0.19711,-0.0426949,0.124347,0.426802,-0.533474
0.706374,-0.20175,-0.0401668,0.128952,0.426468,-0.532462
0.706528,-0.205262,-0.0382718,0.131898,0.426749,-0.531204
0.70601,-0.207461,-0.0372525,0.13301,0.427485,-0.530117
0.705588,-0.209157,-0.035642,0.134393,0.428454,-0.529397
0.705578,-0.209335,-0.0352095,0.135215,0.428351,-0.528547
0.705555,-0.209266,-0.0353016,0.135133,0.42841,-0.528301
0.705685,-0.208869,-0.0353079,0.136098,0.427929,-0.526984
0.705714,-0.208654,-0.0353401,0.135964,0.42791,-0.527044
0.70574,-0.208672,-0.0352919,0.136042,0.427891,-0.527093
0.705743,-0.208655,-0.0353182,0.135998,0.427886,-0.527136
0.705719,-0.208637,-0.0353227,0.135947,0.427892,-0.527089
0.705721,-0.208654,-0.0352951,0.135985,0.42789,-0.527126
0.705724,-0.208637,-0.0353214,0.135941,0.427884,-0.52717
0.705702,-0.208662,-0.0353254,0.135897,0.427932,-0.527022
0.70571,-0.208636,-0.0353254,0.135915,0.427921,-0.527001
0.705711,-0.208654,-0.0352978,0.135909,0.427932,-0.527114
0.705689,-0.208652,-0.035316,0.135873,0.427947,-0.527103
0.705689,-0.208652,-0.035316,0.135897,0.42794,-0.527063
0.705689,-0.208652,-0.035316,0.135873,0.427947,-0.527103
0.705693,-0.208635,-0.0353424,0.135829,0.427942,-0.527146
0.705693,-0.208635,-0.0353424,0.135829,0.427942,-0.527146
0.705697,-0.208592,-0.0353277,0.13582,0.427934,-0.527047
0.705698,-0.208635,-0.035341,0.135867,0.427921,-0.527154
0.705706,-0.208592,-0.035325,0.13583,0.427912,-0.527171
0.705699,-0.208618,-0.035325,0.135879,0.427903,-0.52708
0.705721,-0.20862,-0.0353067,0.135935,0.427882,-0.527055
0.705703,-0.208616,-0.0353252,0.135885,0.427871,-0.527111
0.705699,-0.208618,-0.035325,0.135834,0.427917,-0.527156
0.705694,-0.208618,-0.0353264,0.135818,0.427932,-0.527111
0.705727,-0.20862,-0.035317,0.135929,0.427832,-0.527421
